[24, 34, 85]	4538
[24, 34, 86]	4530
[24, 34, 90]	4216
[24, 85, 86]	4548
[24, 85, 90]	4408
[24, 86, 90]	4208
[34, 36, 39]	4346
[34, 36, 59]	4232
[34, 36, 85]	6602
[34, 36, 86]	6602
[34, 36, 90]	6272
[34, 39, 85]	5402
[34, 39, 86]	5402
[34, 39, 90]	4784
[34, 53, 85]	4608
[34, 53, 86]	4608
[34, 53, 90]	4608
[34, 59, 85]	4984
[34, 59, 86]	4984
[34, 59, 90]	4544
[34, 63, 85]	4744
[34, 63, 86]	4744
[34, 63, 90]	4304
[34, 67, 85]	4464
[34, 67, 86]	4464
[34, 76, 85]	4384
[34, 76, 86]	4384
[34, 85, 86]	7906
[34, 85, 90]	7296
[34, 86, 90]	7288
[36, 39, 85]	4556
[36, 39, 86]	4364
[36, 39, 90]	4208
[36, 59, 85]	4424
[36, 59, 86]	4232
[36, 59, 90]	4128
[36, 63, 85]	4184
[36, 85, 86]	6620
[36, 85, 90]	6464
[36, 86, 90]	6272
[39, 85, 86]	5420
[39, 85, 90]	4976
[39, 86, 90]	4784
[53, 85, 86]	4608
[53, 85, 90]	4608
[53, 86, 90]	4608
[59, 63, 85]	4156
[59, 85, 86]	4984
[59, 85, 90]	4736
[59, 86, 90]	4544
[63, 85, 86]	4744
[63, 85, 90]	4496
[63, 86, 90]	4304
[67, 85, 86]	4464
[76, 85, 86]	4384
[85, 86, 90]	7288
