[24, 34, 85, 86]	4530
[24, 34, 85, 90]	4216
[24, 34, 86, 90]	4208
[24, 85, 86, 90]	4208
[34, 36, 39, 85]	4346
[34, 36, 39, 86]	4346
[34, 36, 59, 85]	4232
[34, 36, 59, 86]	4232
[34, 36, 85, 86]	6602
[34, 36, 85, 90]	6272
[34, 36, 86, 90]	6272
[34, 39, 85, 86]	5402
[34, 39, 85, 90]	4784
[34, 39, 86, 90]	4784
[34, 53, 85, 86]	4608
[34, 53, 85, 90]	4608
[34, 53, 86, 90]	4608
[34, 59, 85, 86]	4984
[34, 59, 85, 90]	4544
[34, 59, 86, 90]	4544
[34, 63, 85, 86]	4744
[34, 63, 85, 90]	4304
[34, 63, 86, 90]	4304
[34, 67, 85, 86]	4464
[34, 76, 85, 86]	4384
[34, 85, 86, 90]	7288
[36, 39, 85, 86]	4364
[36, 39, 85, 90]	4208
[36, 59, 85, 86]	4232
[36, 59, 85, 90]	4128
[36, 85, 86, 90]	6272
[39, 85, 86, 90]	4784
[53, 85, 86, 90]	4608
[59, 85, 86, 90]	4544
[63, 85, 86, 90]	4304
