[103, 106]	64839
[103, 109]	64839
[103, 127]	64747
[106, 109]	66819
[106, 124]	65972
[106, 127]	66727
[109, 121]	64213
[109, 124]	66622
[109, 127]	67377
[121, 124]	64301
[121, 127]	64301
[124, 127]	64301
[16, 106]	64527
[16, 109]	65177
[16, 124]	64418
[16, 127]	65173
[16, 19]	65265
[16, 37]	64750
[16, 55]	64752
[16, 75]	64953
[16, 88]	64636
[16, 91]	65181
[19, 103]	64322
[19, 106]	66302
[19, 109]	66952
[19, 124]	66193
[19, 127]	66948
[19, 34]	64687
[19, 37]	66525
[19, 52]	64626
[19, 55]	66527
[19, 72]	65524
[19, 75]	66728
[19, 85]	64933
[19, 88]	66411
[19, 91]	66956
[34, 106]	64466
[34, 109]	65116
[34, 124]	64357
[34, 127]	65112
[34, 37]	65204
[34, 55]	64691
[34, 75]	64892
[34, 88]	64575
[34, 91]	65120
[37, 103]	64324
[37, 106]	66304
[37, 109]	66954
[37, 124]	66195
[37, 127]	66950
[37, 52]	64628
[37, 55]	66529
[37, 72]	65526
[37, 75]	66730
[37, 85]	64935
[37, 88]	66413
[37, 91]	66958
[52, 106]	64405
[52, 109]	65055
[52, 124]	64296
[52, 127]	65051
[52, 55]	65143
[52, 75]	64831
[52, 88]	64514
[52, 91]	65059
[55, 103]	64326
[55, 106]	66306
[55, 109]	66956
[55, 124]	66197
[55, 127]	66952
[55, 72]	65528
[55, 75]	66732
[55, 85]	64937
[55, 88]	66415
[55, 91]	66960
[72, 106]	65303
[72, 109]	65953
[72, 124]	65194
[72, 127]	65949
[72, 75]	66041
[72, 88]	65412
[72, 91]	65957
[75, 103]	64527
[75, 106]	66507
[75, 109]	67157
[75, 124]	66398
[75, 127]	67153
[75, 85]	65138
[75, 88]	66616
[75, 91]	67161
[85, 106]	64712
[85, 109]	65362
[85, 124]	64603
[85, 127]	65358
[85, 88]	65450
[85, 91]	65450
[88, 103]	64210
[88, 106]	66190
[88, 109]	66840
[88, 124]	66081
[88, 127]	66836
[88, 91]	66928
[91, 103]	64755
[91, 106]	66735
[91, 109]	67385
[91, 121]	64217
[91, 124]	66626
[91, 127]	67381
