[16, 19, 106, 109, 127]	64435
[16, 19, 109, 124, 127]	64330
[16, 19, 37, 109, 127]	64570
[16, 19, 37, 75, 109]	64350
[16, 19, 37, 75, 127]	64346
[16, 19, 37, 75, 91]	64354
[16, 19, 37, 91, 109]	64578
[16, 19, 37, 91, 127]	64574
[16, 19, 55, 109, 127]	64572
[16, 19, 55, 75, 109]	64352
[16, 19, 55, 75, 127]	64348
[16, 19, 55, 75, 91]	64356
[16, 19, 55, 91, 109]	64580
[16, 19, 55, 91, 127]	64576
[16, 19, 75, 106, 109]	64215
[16, 19, 75, 109, 127]	64773
[16, 19, 75, 88, 109]	64236
[16, 19, 75, 88, 127]	64232
[16, 19, 75, 88, 91]	64324
[16, 19, 75, 91, 109]	64781
[16, 19, 75, 91, 127]	64777
[16, 19, 88, 109, 127]	64456
[16, 19, 88, 91, 109]	64548
[16, 19, 88, 91, 127]	64544
[16, 19, 91, 106, 109]	64443
[16, 19, 91, 106, 127]	64351
[16, 19, 91, 109, 124]	64246
[16, 19, 91, 109, 127]	65001
[16, 19, 91, 124, 127]	64334
[16, 37, 75, 109, 127]	64258
[16, 37, 75, 91, 109]	64266
[16, 37, 75, 91, 127]	64262
[16, 37, 91, 109, 127]	64486
[16, 55, 75, 109, 127]	64260
[16, 55, 75, 91, 109]	64268
[16, 55, 75, 91, 127]	64264
[16, 55, 91, 109, 127]	64488
[16, 75, 88, 91, 109]	64236
[16, 75, 88, 91, 127]	64232
[16, 75, 91, 109, 127]	64689
[16, 88, 91, 109, 127]	64456
[16, 91, 106, 109, 127]	64351
[16, 91, 109, 124, 127]	64246
[19, 103, 106, 109, 127]	64230
[19, 106, 109, 124, 127]	65455
[19, 34, 37, 109, 127]	64507
[19, 34, 37, 75, 109]	64287
[19, 34, 37, 75, 127]	64283
[19, 34, 37, 75, 91]	64291
[19, 34, 37, 91, 109]	64515
[19, 34, 37, 91, 127]	64511
[19, 34, 75, 109, 127]	64195
[19, 34, 75, 91, 109]	64203
[19, 34, 75, 91, 127]	64199
[19, 34, 91, 109, 127]	64423
[19, 37, 106, 109, 124]	64940
[19, 37, 106, 109, 127]	65695
[19, 37, 106, 124, 127]	64940
[19, 37, 109, 124, 127]	65590
[19, 37, 55, 106, 109]	65274
[19, 37, 55, 106, 124]	64427
[19, 37, 55, 106, 127]	65182
[19, 37, 55, 109, 124]	65077
[19, 37, 55, 109, 127]	65832
[19, 37, 55, 124, 127]	65165
[19, 37, 55, 72, 109]	64408
[19, 37, 55, 72, 127]	64404
[19, 37, 55, 72, 75]	64496
[19, 37, 55, 72, 91]	64412
[19, 37, 55, 75, 106]	64962
[19, 37, 55, 75, 109]	65612
[19, 37, 55, 75, 124]	64853
[19, 37, 55, 75, 127]	65608
[19, 37, 55, 75, 88]	65071
[19, 37, 55, 75, 91]	65616
[19, 37, 55, 88, 106]	64645
[19, 37, 55, 88, 109]	65295
[19, 37, 55, 88, 124]	64536
[19, 37, 55, 88, 127]	65291
[19, 37, 55, 88, 91]	65383
[19, 37, 55, 91, 106]	65190
[19, 37, 55, 91, 109]	65840
[19, 37, 55, 91, 124]	65081
[19, 37, 55, 91, 127]	65836
[19, 37, 72, 106, 109]	64271
[19, 37, 72, 109, 127]	64829
[19, 37, 72, 75, 106]	64271
[19, 37, 72, 75, 109]	64921
[19, 37, 72, 75, 127]	64917
[19, 37, 72, 75, 88]	64380
[19, 37, 72, 75, 91]	64925
[19, 37, 72, 88, 109]	64292
[19, 37, 72, 88, 127]	64288
[19, 37, 72, 88, 91]	64380
[19, 37, 72, 91, 106]	64187
[19, 37, 72, 91, 109]	64837
[19, 37, 72, 91, 127]	64833
[19, 37, 75, 106, 109]	65475
[19, 37, 75, 106, 124]	64628
[19, 37, 75, 106, 127]	65383
[19, 37, 75, 109, 124]	65278
[19, 37, 75, 109, 127]	66033
[19, 37, 75, 124, 127]	65366
[19, 37, 75, 88, 106]	64846
[19, 37, 75, 88, 109]	65496
[19, 37, 75, 88, 124]	64737
[19, 37, 75, 88, 127]	65492
[19, 37, 75, 88, 91]	65584
[19, 37, 75, 91, 106]	65391
[19, 37, 75, 91, 109]	66041
[19, 37, 75, 91, 124]	65282
[19, 37, 75, 91, 127]	66037
[19, 37, 85, 109, 127]	64238
[19, 37, 85, 88, 109]	64330
[19, 37, 85, 88, 127]	64326
[19, 37, 85, 88, 91]	64418
[19, 37, 85, 91, 109]	64330
[19, 37, 85, 91, 127]	64326
[19, 37, 88, 106, 109]	65158
[19, 37, 88, 106, 124]	64311
[19, 37, 88, 106, 127]	65066
[19, 37, 88, 109, 124]	64961
[19, 37, 88, 109, 127]	65716
[19, 37, 88, 124, 127]	65049
[19, 37, 88, 91, 106]	65158
[19, 37, 88, 91, 109]	65808
[19, 37, 88, 91, 124]	65049
[19, 37, 88, 91, 127]	65804
[19, 37, 91, 106, 109]	65703
[19, 37, 91, 106, 124]	64856
[19, 37, 91, 106, 127]	65611
[19, 37, 91, 109, 124]	65506
[19, 37, 91, 109, 127]	66261
[19, 37, 91, 124, 127]	65594
[19, 52, 55, 109, 127]	64446
[19, 52, 55, 75, 109]	64226
[19, 52, 55, 75, 127]	64222
[19, 52, 55, 75, 91]	64230
[19, 52, 55, 91, 109]	64454
[19, 52, 55, 91, 127]	64450
[19, 52, 91, 109, 127]	64362
[19, 55, 106, 109, 124]	64942
[19, 55, 106, 109, 127]	65697
[19, 55, 106, 124, 127]	64942
[19, 55, 109, 124, 127]	65592
[19, 55, 72, 106, 109]	64273
[19, 55, 72, 106, 127]	64181
[19, 55, 72, 109, 127]	64831
[19, 55, 72, 75, 106]	64273
[19, 55, 72, 75, 109]	64923
[19, 55, 72, 75, 127]	64919
[19, 55, 72, 75, 88]	64382
[19, 55, 72, 75, 91]	64927
[19, 55, 72, 88, 109]	64294
[19, 55, 72, 88, 127]	64290
[19, 55, 72, 88, 91]	64382
[19, 55, 72, 91, 106]	64189
[19, 55, 72, 91, 109]	64839
[19, 55, 72, 91, 127]	64835
[19, 55, 75, 106, 109]	65477
[19, 55, 75, 106, 124]	64630
[19, 55, 75, 106, 127]	65385
[19, 55, 75, 109, 124]	65280
[19, 55, 75, 109, 127]	66035
[19, 55, 75, 124, 127]	65368
[19, 55, 75, 88, 106]	64848
[19, 55, 75, 88, 109]	65498
[19, 55, 75, 88, 124]	64739
[19, 55, 75, 88, 127]	65494
[19, 55, 75, 88, 91]	65586
[19, 55, 75, 91, 106]	65393
[19, 55, 75, 91, 109]	66043
[19, 55, 75, 91, 124]	65284
[19, 55, 75, 91, 127]	66039
[19, 55, 85, 109, 127]	64240
[19, 55, 85, 88, 109]	64332
[19, 55, 85, 88, 127]	64328
[19, 55, 85, 88, 91]	64420
[19, 55, 85, 91, 109]	64332
[19, 55, 85, 91, 127]	64328
[19, 55, 88, 106, 109]	65160
[19, 55, 88, 106, 124]	64313
[19, 55, 88, 106, 127]	65068
[19, 55, 88, 109, 124]	64963
[19, 55, 88, 109, 127]	65718
[19, 55, 88, 124, 127]	65051
[19, 55, 88, 91, 106]	65160
[19, 55, 88, 91, 109]	65810
[19, 55, 88, 91, 124]	65051
[19, 55, 88, 91, 127]	65806
[19, 55, 91, 106, 109]	65705
[19, 55, 91, 106, 124]	64858
[19, 55, 91, 106, 127]	65613
[19, 55, 91, 109, 124]	65508
[19, 55, 91, 109, 127]	66263
[19, 55, 91, 124, 127]	65596
[19, 72, 106, 109, 127]	64694
[19, 72, 109, 124, 127]	64589
[19, 72, 75, 106, 109]	64786
[19, 72, 75, 106, 127]	64694
[19, 72, 75, 109, 124]	64589
[19, 72, 75, 109, 127]	65344
[19, 72, 75, 124, 127]	64677
[19, 72, 75, 88, 109]	64807
[19, 72, 75, 88, 127]	64803
[19, 72, 75, 88, 91]	64895
[19, 72, 75, 91, 106]	64702
[19, 72, 75, 91, 109]	65352
[19, 72, 75, 91, 124]	64593
[19, 72, 75, 91, 127]	65348
[19, 72, 88, 109, 127]	64715
[19, 72, 88, 91, 109]	64807
[19, 72, 88, 91, 127]	64803
[19, 72, 91, 106, 109]	64702
[19, 72, 91, 106, 127]	64610
[19, 72, 91, 109, 124]	64505
[19, 72, 91, 109, 127]	65260
[19, 72, 91, 124, 127]	64593
[19, 75, 106, 109, 124]	65143
[19, 75, 106, 109, 127]	65898
[19, 75, 106, 124, 127]	65143
[19, 75, 109, 124, 127]	65793
[19, 75, 85, 109, 127]	64441
[19, 75, 85, 88, 109]	64533
[19, 75, 85, 88, 127]	64529
[19, 75, 85, 88, 91]	64621
[19, 75, 85, 91, 109]	64533
[19, 75, 85, 91, 127]	64529
[19, 75, 88, 106, 109]	65361
[19, 75, 88, 106, 124]	64514
[19, 75, 88, 106, 127]	65269
[19, 75, 88, 109, 124]	65164
[19, 75, 88, 109, 127]	65919
[19, 75, 88, 124, 127]	65252
[19, 75, 88, 91, 106]	65361
[19, 75, 88, 91, 109]	66011
[19, 75, 88, 91, 124]	65252
[19, 75, 88, 91, 127]	66007
[19, 75, 91, 106, 109]	65906
[19, 75, 91, 106, 124]	65059
[19, 75, 91, 106, 127]	65814
[19, 75, 91, 109, 124]	65709
[19, 75, 91, 109, 127]	66464
[19, 75, 91, 124, 127]	65797
[19, 85, 88, 106, 109]	64195
[19, 85, 88, 109, 127]	64753
[19, 85, 88, 91, 106]	64195
[19, 85, 88, 91, 109]	64845
[19, 85, 88, 91, 127]	64841
[19, 85, 91, 106, 109]	64195
[19, 85, 91, 109, 127]	64753
[19, 88, 106, 109, 124]	64826
[19, 88, 106, 109, 127]	65581
[19, 88, 106, 124, 127]	64826
[19, 88, 109, 124, 127]	65476
[19, 88, 91, 106, 109]	65673
[19, 88, 91, 106, 124]	64826
[19, 88, 91, 106, 127]	65581
[19, 88, 91, 109, 124]	65476
[19, 88, 91, 109, 127]	66231
[19, 88, 91, 124, 127]	65564
[19, 91, 103, 106, 109]	64238
[19, 91, 106, 109, 124]	65371
[19, 91, 106, 109, 127]	66126
[19, 91, 106, 124, 127]	65371
[19, 91, 109, 124, 127]	66021
[34, 37, 106, 109, 127]	64374
[34, 37, 109, 124, 127]	64269
[34, 37, 55, 109, 127]	64511
[34, 37, 55, 75, 109]	64291
[34, 37, 55, 75, 127]	64287
[34, 37, 55, 75, 91]	64295
[34, 37, 55, 91, 109]	64519
[34, 37, 55, 91, 127]	64515
[34, 37, 75, 109, 127]	64712
[34, 37, 75, 88, 91]	64263
[34, 37, 75, 91, 109]	64720
[34, 37, 75, 91, 127]	64716
[34, 37, 88, 109, 127]	64395
[34, 37, 88, 91, 109]	64487
[34, 37, 88, 91, 127]	64483
[34, 37, 91, 106, 109]	64382
[34, 37, 91, 106, 127]	64290
[34, 37, 91, 109, 124]	64185
[34, 37, 91, 109, 127]	64940
[34, 37, 91, 124, 127]	64273
[34, 55, 75, 109, 127]	64199
[34, 55, 75, 91, 109]	64207
[34, 55, 75, 91, 127]	64203
[34, 55, 91, 109, 127]	64427
[34, 75, 91, 109, 127]	64628
[34, 88, 91, 109, 127]	64395
[34, 91, 106, 109, 127]	64290
[34, 91, 109, 124, 127]	64185
[37, 103, 106, 109, 127]	64232
[37, 106, 109, 124, 127]	65457
[37, 52, 55, 109, 127]	64448
[37, 52, 55, 75, 109]	64228
[37, 52, 55, 75, 127]	64224
[37, 52, 55, 75, 91]	64232
[37, 52, 55, 91, 109]	64456
[37, 52, 55, 91, 127]	64452
[37, 52, 91, 109, 127]	64364
[37, 55, 106, 109, 124]	64944
[37, 55, 106, 109, 127]	65699
[37, 55, 106, 124, 127]	64944
[37, 55, 109, 124, 127]	65594
[37, 55, 72, 106, 109]	64275
[37, 55, 72, 106, 127]	64183
[37, 55, 72, 109, 127]	64833
[37, 55, 72, 75, 106]	64275
[37, 55, 72, 75, 109]	64925
[37, 55, 72, 75, 127]	64921
[37, 55, 72, 75, 88]	64384
[37, 55, 72, 75, 91]	64929
[37, 55, 72, 88, 109]	64296
[37, 55, 72, 88, 127]	64292
[37, 55, 72, 88, 91]	64384
[37, 55, 72, 91, 106]	64191
[37, 55, 72, 91, 109]	64841
[37, 55, 72, 91, 127]	64837
[37, 55, 75, 106, 109]	65479
[37, 55, 75, 106, 124]	64632
[37, 55, 75, 106, 127]	65387
[37, 55, 75, 109, 124]	65282
[37, 55, 75, 109, 127]	66037
[37, 55, 75, 124, 127]	65370
[37, 55, 75, 88, 106]	64850
[37, 55, 75, 88, 109]	65500
[37, 55, 75, 88, 124]	64741
[37, 55, 75, 88, 127]	65496
[37, 55, 75, 88, 91]	65588
[37, 55, 75, 91, 106]	65395
[37, 55, 75, 91, 109]	66045
[37, 55, 75, 91, 124]	65286
[37, 55, 75, 91, 127]	66041
[37, 55, 85, 109, 127]	64242
[37, 55, 85, 88, 109]	64334
[37, 55, 85, 88, 127]	64330
[37, 55, 85, 88, 91]	64422
[37, 55, 85, 91, 109]	64334
[37, 55, 85, 91, 127]	64330
[37, 55, 88, 106, 109]	65162
[37, 55, 88, 106, 124]	64315
[37, 55, 88, 106, 127]	65070
[37, 55, 88, 109, 124]	64965
[37, 55, 88, 109, 127]	65720
[37, 55, 88, 124, 127]	65053
[37, 55, 88, 91, 106]	65162
[37, 55, 88, 91, 109]	65812
[37, 55, 88, 91, 124]	65053
[37, 55, 88, 91, 127]	65808
[37, 55, 91, 106, 109]	65707
[37, 55, 91, 106, 124]	64860
[37, 55, 91, 106, 127]	65615
[37, 55, 91, 109, 124]	65510
[37, 55, 91, 109, 127]	66265
[37, 55, 91, 124, 127]	65598
[37, 72, 106, 109, 127]	64696
[37, 72, 109, 124, 127]	64591
[37, 72, 75, 106, 109]	64788
[37, 72, 75, 106, 127]	64696
[37, 72, 75, 109, 124]	64591
[37, 72, 75, 109, 127]	65346
[37, 72, 75, 124, 127]	64679
[37, 72, 75, 88, 109]	64809
[37, 72, 75, 88, 127]	64805
[37, 72, 75, 88, 91]	64897
[37, 72, 75, 91, 106]	64704
[37, 72, 75, 91, 109]	65354
[37, 72, 75, 91, 124]	64595
[37, 72, 75, 91, 127]	65350
[37, 72, 88, 109, 127]	64717
[37, 72, 88, 91, 109]	64809
[37, 72, 88, 91, 127]	64805
[37, 72, 91, 106, 109]	64704
[37, 72, 91, 106, 127]	64612
[37, 72, 91, 109, 124]	64507
[37, 72, 91, 109, 127]	65262
[37, 72, 91, 124, 127]	64595
[37, 75, 106, 109, 124]	65145
[37, 75, 106, 109, 127]	65900
[37, 75, 106, 124, 127]	65145
[37, 75, 109, 124, 127]	65795
[37, 75, 85, 109, 127]	64443
[37, 75, 85, 88, 109]	64535
[37, 75, 85, 88, 127]	64531
[37, 75, 85, 88, 91]	64623
[37, 75, 85, 91, 109]	64535
[37, 75, 85, 91, 127]	64531
[37, 75, 88, 106, 109]	65363
[37, 75, 88, 106, 124]	64516
[37, 75, 88, 106, 127]	65271
[37, 75, 88, 109, 124]	65166
[37, 75, 88, 109, 127]	65921
[37, 75, 88, 124, 127]	65254
[37, 75, 88, 91, 106]	65363
[37, 75, 88, 91, 109]	66013
[37, 75, 88, 91, 124]	65254
[37, 75, 88, 91, 127]	66009
[37, 75, 91, 106, 109]	65908
[37, 75, 91, 106, 124]	65061
[37, 75, 91, 106, 127]	65816
[37, 75, 91, 109, 124]	65711
[37, 75, 91, 109, 127]	66466
[37, 75, 91, 124, 127]	65799
[37, 85, 88, 106, 109]	64197
[37, 85, 88, 109, 127]	64755
[37, 85, 88, 91, 106]	64197
[37, 85, 88, 91, 109]	64847
[37, 85, 88, 91, 127]	64843
[37, 85, 91, 106, 109]	64197
[37, 85, 91, 109, 127]	64755
[37, 88, 106, 109, 124]	64828
[37, 88, 106, 109, 127]	65583
[37, 88, 106, 124, 127]	64828
[37, 88, 109, 124, 127]	65478
[37, 88, 91, 106, 109]	65675
[37, 88, 91, 106, 124]	64828
[37, 88, 91, 106, 127]	65583
[37, 88, 91, 109, 124]	65478
[37, 88, 91, 109, 127]	66233
[37, 88, 91, 124, 127]	65566
[37, 91, 103, 106, 109]	64240
[37, 91, 106, 109, 124]	65373
[37, 91, 106, 109, 127]	66128
[37, 91, 106, 124, 127]	65373
[37, 91, 109, 124, 127]	66023
[52, 55, 106, 109, 127]	64313
[52, 55, 109, 124, 127]	64208
[52, 55, 75, 109, 127]	64651
[52, 55, 75, 88, 91]	64202
[52, 55, 75, 91, 109]	64659
[52, 55, 75, 91, 127]	64655
[52, 55, 88, 109, 127]	64334
[52, 55, 88, 91, 109]	64426
[52, 55, 88, 91, 127]	64422
[52, 55, 91, 106, 109]	64321
[52, 55, 91, 106, 127]	64229
[52, 55, 91, 109, 127]	64879
[52, 55, 91, 124, 127]	64212
[52, 75, 91, 109, 127]	64567
[52, 88, 91, 109, 127]	64334
[52, 91, 106, 109, 127]	64229
[55, 103, 106, 109, 127]	64234
[55, 106, 109, 124, 127]	65459
[55, 72, 106, 109, 127]	64698
[55, 72, 109, 124, 127]	64593
[55, 72, 75, 106, 109]	64790
[55, 72, 75, 106, 127]	64698
[55, 72, 75, 109, 124]	64593
[55, 72, 75, 109, 127]	65348
[55, 72, 75, 124, 127]	64681
[55, 72, 75, 88, 109]	64811
[55, 72, 75, 88, 127]	64807
[55, 72, 75, 88, 91]	64899
[55, 72, 75, 91, 106]	64706
[55, 72, 75, 91, 109]	65356
[55, 72, 75, 91, 124]	64597
[55, 72, 75, 91, 127]	65352
[55, 72, 88, 109, 127]	64719
[55, 72, 88, 91, 109]	64811
[55, 72, 88, 91, 127]	64807
[55, 72, 91, 106, 109]	64706
[55, 72, 91, 106, 127]	64614
[55, 72, 91, 109, 124]	64509
[55, 72, 91, 109, 127]	65264
[55, 72, 91, 124, 127]	64597
[55, 75, 106, 109, 124]	65147
[55, 75, 106, 109, 127]	65902
[55, 75, 106, 124, 127]	65147
[55, 75, 109, 124, 127]	65797
[55, 75, 85, 109, 127]	64445
[55, 75, 85, 88, 109]	64537
[55, 75, 85, 88, 127]	64533
[55, 75, 85, 88, 91]	64625
[55, 75, 85, 91, 109]	64537
[55, 75, 85, 91, 127]	64533
[55, 75, 88, 106, 109]	65365
[55, 75, 88, 106, 124]	64518
[55, 75, 88, 106, 127]	65273
[55, 75, 88, 109, 124]	65168
[55, 75, 88, 109, 127]	65923
[55, 75, 88, 124, 127]	65256
[55, 75, 88, 91, 106]	65365
[55, 75, 88, 91, 109]	66015
[55, 75, 88, 91, 124]	65256
[55, 75, 88, 91, 127]	66011
[55, 75, 91, 106, 109]	65910
[55, 75, 91, 106, 124]	65063
[55, 75, 91, 106, 127]	65818
[55, 75, 91, 109, 124]	65713
[55, 75, 91, 109, 127]	66468
[55, 75, 91, 124, 127]	65801
[55, 85, 88, 106, 109]	64199
[55, 85, 88, 109, 127]	64757
[55, 85, 88, 91, 106]	64199
[55, 85, 88, 91, 109]	64849
[55, 85, 88, 91, 127]	64845
[55, 85, 91, 106, 109]	64199
[55, 85, 91, 109, 127]	64757
[55, 88, 106, 109, 124]	64830
[55, 88, 106, 109, 127]	65585
[55, 88, 106, 124, 127]	64830
[55, 88, 109, 124, 127]	65480
[55, 88, 91, 106, 109]	65677
[55, 88, 91, 106, 124]	64830
[55, 88, 91, 106, 127]	65585
[55, 88, 91, 109, 124]	65480
[55, 88, 91, 109, 127]	66235
[55, 88, 91, 124, 127]	65568
[55, 91, 103, 106, 109]	64242
[55, 91, 106, 109, 124]	65375
[55, 91, 106, 109, 127]	66130
[55, 91, 106, 124, 127]	65375
[55, 91, 109, 124, 127]	66025
[72, 106, 109, 124, 127]	64456
[72, 75, 106, 109, 124]	64456
[72, 75, 106, 109, 127]	65211
[72, 75, 106, 124, 127]	64456
[72, 75, 109, 124, 127]	65106
[72, 75, 88, 106, 109]	64674
[72, 75, 88, 106, 127]	64582
[72, 75, 88, 109, 124]	64477
[72, 75, 88, 109, 127]	65232
[72, 75, 88, 124, 127]	64565
[72, 75, 88, 91, 106]	64674
[72, 75, 88, 91, 109]	65324
[72, 75, 88, 91, 124]	64565
[72, 75, 88, 91, 127]	65320
[72, 75, 91, 106, 109]	65219
[72, 75, 91, 106, 124]	64372
[72, 75, 91, 106, 127]	65127
[72, 75, 91, 109, 124]	65022
[72, 75, 91, 109, 127]	65777
[72, 75, 91, 124, 127]	65110
[72, 88, 106, 109, 127]	64582
[72, 88, 109, 124, 127]	64477
[72, 88, 91, 106, 109]	64674
[72, 88, 91, 106, 127]	64582
[72, 88, 91, 109, 124]	64477
[72, 88, 91, 109, 127]	65232
[72, 88, 91, 124, 127]	64565
[72, 91, 106, 109, 124]	64372
[72, 91, 106, 109, 127]	65127
[72, 91, 106, 124, 127]	64372
[72, 91, 109, 124, 127]	65022
[75, 103, 106, 109, 127]	64435
[75, 106, 109, 124, 127]	65660
[75, 85, 106, 109, 127]	64308
[75, 85, 109, 124, 127]	64203
[75, 85, 88, 106, 109]	64400
[75, 85, 88, 106, 127]	64308
[75, 85, 88, 109, 124]	64203
[75, 85, 88, 109, 127]	64958
[75, 85, 88, 124, 127]	64291
[75, 85, 88, 91, 106]	64400
[75, 85, 88, 91, 109]	65050
[75, 85, 88, 91, 124]	64291
[75, 85, 88, 91, 127]	65046
[75, 85, 91, 106, 109]	64400
[75, 85, 91, 106, 127]	64308
[75, 85, 91, 109, 124]	64203
[75, 85, 91, 109, 127]	64958
[75, 85, 91, 124, 127]	64291
[75, 88, 106, 109, 124]	65031
[75, 88, 106, 109, 127]	65786
[75, 88, 106, 124, 127]	65031
[75, 88, 109, 124, 127]	65681
[75, 88, 91, 106, 109]	65878
[75, 88, 91, 106, 124]	65031
[75, 88, 91, 106, 127]	65786
[75, 88, 91, 109, 124]	65681
[75, 88, 91, 109, 127]	66436
[75, 88, 91, 124, 127]	65769
[75, 91, 103, 106, 109]	64443
[75, 91, 103, 106, 127]	64351
[75, 91, 103, 109, 127]	64351
[75, 91, 106, 109, 124]	65576
[75, 91, 106, 109, 127]	66331
[75, 91, 106, 124, 127]	65576
[75, 91, 109, 124, 127]	66226
[85, 88, 106, 109, 127]	64620
[85, 88, 109, 124, 127]	64515
[85, 88, 91, 106, 109]	64712
[85, 88, 91, 106, 127]	64620
[85, 88, 91, 109, 124]	64515
[85, 88, 91, 109, 127]	65270
[85, 88, 91, 124, 127]	64603
[85, 91, 106, 109, 127]	64620
[85, 91, 109, 124, 127]	64515
[88, 106, 109, 124, 127]	65343
[88, 91, 103, 106, 109]	64210
[88, 91, 106, 109, 124]	65343
[88, 91, 106, 109, 127]	66098
[88, 91, 106, 124, 127]	65343
[88, 91, 109, 124, 127]	65993
[91, 103, 106, 109, 127]	64663
[91, 106, 109, 124, 127]	65888
