[1004]	1102
[101]	2237
[10515]	882
[110]	2794
[1146]	1426
[117]	1026
[123]	1302
[12925]	1467
[13041]	1051
[1327]	1786
[1393]	1161
[14098]	1291
[147]	1779
[15832]	1143
[16010]	1316
[161]	1010
[16217]	1166
[170]	3099
[175]	970
[179]	998
[185]	1376
[19]	1005
[201]	1133
[2238]	1715
[225]	3257
[237]	3032
[242]	911
[249]	1160
[255]	1474
[258]	987
[264]	895
[270]	1734
[271]	2094
[286]	1183
[2958]	904
[301]	1204
[310]	2594
[31]	920
[3270]	950
[32]	15167
[338]	1274
[36]	2936
[37]	1074
[38]	15596
[39]	50675
[413]	1880
[41]	14945
[438]	1863
[45]	911
[475]	2167
[479]	926
[48]	42135
[49]	1120
[522]	974
[533]	1487
[548]	1137
[589]	1119
[592]	1227
[604]	1209
[60]	1489
[65]	4472
[677]	1110
[740]	1181
[783]	965
[78]	1060
[79]	1600
[824]	1210
[89]	3837
[956]	911
[9]	1372
