[103, 106, 109]	64839
[103, 106, 127]	64747
[103, 109, 127]	64747
[106, 109, 124]	65972
[106, 109, 127]	66727
[106, 124, 127]	65972
[109, 121, 124]	64213
[109, 121, 127]	64213
[109, 124, 127]	66622
[121, 124, 127]	64301
[16, 106, 109]	64527
[16, 106, 127]	64435
[16, 109, 124]	64330
[16, 109, 127]	65085
[16, 124, 127]	64418
[16, 19, 106]	64527
[16, 19, 109]	65177
[16, 19, 124]	64418
[16, 19, 127]	65173
[16, 19, 37]	64750
[16, 19, 55]	64752
[16, 19, 75]	64953
[16, 19, 88]	64636
[16, 19, 91]	65181
[16, 37, 109]	64662
[16, 37, 127]	64658
[16, 37, 55]	64237
[16, 37, 75]	64438
[16, 37, 91]	64666
[16, 55, 109]	64664
[16, 55, 127]	64660
[16, 55, 75]	64440
[16, 55, 91]	64668
[16, 75, 106]	64215
[16, 75, 109]	64865
[16, 75, 127]	64861
[16, 75, 88]	64324
[16, 75, 91]	64869
[16, 88, 109]	64548
[16, 88, 127]	64544
[16, 88, 91]	64636
[16, 91, 106]	64443
[16, 91, 109]	65093
[16, 91, 124]	64334
[16, 91, 127]	65089
[19, 103, 106]	64322
[19, 103, 109]	64322
[19, 103, 127]	64230
[19, 106, 109]	66302
[19, 106, 124]	65455
[19, 106, 127]	66210
[19, 109, 124]	66105
[19, 109, 127]	66860
[19, 124, 127]	66193
[19, 34, 109]	64599
[19, 34, 127]	64595
[19, 34, 37]	64687
[19, 34, 75]	64375
[19, 34, 91]	64603
[19, 37, 106]	65787
[19, 37, 109]	66437
[19, 37, 124]	65678
[19, 37, 127]	66433
[19, 37, 55]	66012
[19, 37, 72]	65009
[19, 37, 75]	66213
[19, 37, 85]	64418
[19, 37, 88]	65896
[19, 37, 91]	66441
[19, 52, 109]	64538
[19, 52, 127]	64534
[19, 52, 55]	64626
[19, 52, 75]	64314
[19, 52, 91]	64542
[19, 55, 106]	65789
[19, 55, 109]	66439
[19, 55, 124]	65680
[19, 55, 127]	66435
[19, 55, 72]	65011
[19, 55, 75]	66215
[19, 55, 85]	64420
[19, 55, 88]	65898
[19, 55, 91]	66443
[19, 72, 106]	64786
[19, 72, 109]	65436
[19, 72, 124]	64677
[19, 72, 127]	65432
[19, 72, 75]	65524
[19, 72, 88]	64895
[19, 72, 91]	65440
[19, 75, 106]	65990
[19, 75, 109]	66640
[19, 75, 124]	65881
[19, 75, 127]	66636
[19, 75, 85]	64621
[19, 75, 88]	66099
[19, 75, 91]	66644
[19, 85, 106]	64195
[19, 85, 109]	64845
[19, 85, 127]	64841
[19, 85, 88]	64933
[19, 85, 91]	64933
[19, 88, 106]	65673
[19, 88, 109]	66323
[19, 88, 124]	65564
[19, 88, 127]	66319
[19, 88, 91]	66411
[19, 91, 103]	64238
[19, 91, 106]	66218
[19, 91, 109]	66868
[19, 91, 124]	66109
[19, 91, 127]	66864
[34, 106, 109]	64466
[34, 106, 127]	64374
[34, 109, 124]	64269
[34, 109, 127]	65024
[34, 124, 127]	64357
[34, 37, 106]	64466
[34, 37, 109]	65116
[34, 37, 124]	64357
[34, 37, 127]	65112
[34, 37, 55]	64691
[34, 37, 75]	64892
[34, 37, 88]	64575
[34, 37, 91]	65120
[34, 55, 109]	64603
[34, 55, 127]	64599
[34, 55, 75]	64379
[34, 55, 91]	64607
[34, 75, 109]	64804
[34, 75, 127]	64800
[34, 75, 88]	64263
[34, 75, 91]	64808
[34, 88, 109]	64487
[34, 88, 127]	64483
[34, 88, 91]	64575
[34, 91, 106]	64382
[34, 91, 109]	65032
[34, 91, 124]	64273
[34, 91, 127]	65028
[37, 103, 106]	64324
[37, 103, 109]	64324
[37, 103, 127]	64232
[37, 106, 109]	66304
[37, 106, 124]	65457
[37, 106, 127]	66212
[37, 109, 124]	66107
[37, 109, 127]	66862
[37, 124, 127]	66195
[37, 52, 109]	64540
[37, 52, 127]	64536
[37, 52, 55]	64628
[37, 52, 75]	64316
[37, 52, 91]	64544
[37, 55, 106]	65791
[37, 55, 109]	66441
[37, 55, 124]	65682
[37, 55, 127]	66437
[37, 55, 72]	65013
[37, 55, 75]	66217
[37, 55, 85]	64422
[37, 55, 88]	65900
[37, 55, 91]	66445
[37, 72, 106]	64788
[37, 72, 109]	65438
[37, 72, 124]	64679
[37, 72, 127]	65434
[37, 72, 75]	65526
[37, 72, 88]	64897
[37, 72, 91]	65442
[37, 75, 106]	65992
[37, 75, 109]	66642
[37, 75, 124]	65883
[37, 75, 127]	66638
[37, 75, 85]	64623
[37, 75, 88]	66101
[37, 75, 91]	66646
[37, 85, 106]	64197
[37, 85, 109]	64847
[37, 85, 127]	64843
[37, 85, 88]	64935
[37, 85, 91]	64935
[37, 88, 106]	65675
[37, 88, 109]	66325
[37, 88, 124]	65566
[37, 88, 127]	66321
[37, 88, 91]	66413
[37, 91, 103]	64240
[37, 91, 106]	66220
[37, 91, 109]	66870
[37, 91, 124]	66111
[37, 91, 127]	66866
[52, 106, 109]	64405
[52, 106, 127]	64313
[52, 109, 124]	64208
[52, 109, 127]	64963
[52, 124, 127]	64296
[52, 55, 106]	64405
[52, 55, 109]	65055
[52, 55, 124]	64296
[52, 55, 127]	65051
[52, 55, 75]	64831
[52, 55, 88]	64514
[52, 55, 91]	65059
[52, 75, 109]	64743
[52, 75, 127]	64739
[52, 75, 88]	64202
[52, 75, 91]	64747
[52, 88, 109]	64426
[52, 88, 127]	64422
[52, 88, 91]	64514
[52, 91, 106]	64321
[52, 91, 109]	64971
[52, 91, 124]	64212
[52, 91, 127]	64967
[55, 103, 106]	64326
[55, 103, 109]	64326
[55, 103, 127]	64234
[55, 106, 109]	66306
[55, 106, 124]	65459
[55, 106, 127]	66214
[55, 109, 124]	66109
[55, 109, 127]	66864
[55, 124, 127]	66197
[55, 72, 106]	64790
[55, 72, 109]	65440
[55, 72, 124]	64681
[55, 72, 127]	65436
[55, 72, 75]	65528
[55, 72, 88]	64899
[55, 72, 91]	65444
[55, 75, 106]	65994
[55, 75, 109]	66644
[55, 75, 124]	65885
[55, 75, 127]	66640
[55, 75, 85]	64625
[55, 75, 88]	66103
[55, 75, 91]	66648
[55, 85, 106]	64199
[55, 85, 109]	64849
[55, 85, 127]	64845
[55, 85, 88]	64937
[55, 85, 91]	64937
[55, 88, 106]	65677
[55, 88, 109]	66327
[55, 88, 124]	65568
[55, 88, 127]	66323
[55, 88, 91]	66415
[55, 91, 103]	64242
[55, 91, 106]	66222
[55, 91, 109]	66872
[55, 91, 124]	66113
[55, 91, 127]	66868
[72, 106, 109]	65303
[72, 106, 124]	64456
[72, 106, 127]	65211
[72, 109, 124]	65106
[72, 109, 127]	65861
[72, 124, 127]	65194
[72, 75, 106]	65303
[72, 75, 109]	65953
[72, 75, 124]	65194
[72, 75, 127]	65949
[72, 75, 88]	65412
[72, 75, 91]	65957
[72, 88, 106]	64674
[72, 88, 109]	65324
[72, 88, 124]	64565
[72, 88, 127]	65320
[72, 88, 91]	65412
[72, 91, 106]	65219
[72, 91, 109]	65869
[72, 91, 124]	65110
[72, 91, 127]	65865
[75, 103, 106]	64527
[75, 103, 109]	64527
[75, 103, 127]	64435
[75, 106, 109]	66507
[75, 106, 124]	65660
[75, 106, 127]	66415
[75, 109, 124]	66310
[75, 109, 127]	67065
[75, 124, 127]	66398
[75, 85, 106]	64400
[75, 85, 109]	65050
[75, 85, 124]	64291
[75, 85, 127]	65046
[75, 85, 88]	65138
[75, 85, 91]	65138
[75, 88, 106]	65878
[75, 88, 109]	66528
[75, 88, 124]	65769
[75, 88, 127]	66524
[75, 88, 91]	66616
[75, 91, 103]	64443
[75, 91, 106]	66423
[75, 91, 109]	67073
[75, 91, 124]	66314
[75, 91, 127]	67069
[85, 106, 109]	64712
[85, 106, 127]	64620
[85, 109, 124]	64515
[85, 109, 127]	65270
[85, 124, 127]	64603
[85, 88, 106]	64712
[85, 88, 109]	65362
[85, 88, 124]	64603
[85, 88, 127]	65358
[85, 88, 91]	65450
[85, 91, 106]	64712
[85, 91, 109]	65362
[85, 91, 124]	64603
[85, 91, 127]	65358
[88, 103, 106]	64210
[88, 103, 109]	64210
[88, 106, 109]	66190
[88, 106, 124]	65343
[88, 106, 127]	66098
[88, 109, 124]	65993
[88, 109, 127]	66748
[88, 124, 127]	66081
[88, 91, 103]	64210
[88, 91, 106]	66190
[88, 91, 109]	66840
[88, 91, 124]	66081
[88, 91, 127]	66836
[91, 103, 106]	64755
[91, 103, 109]	64755
[91, 103, 127]	64663
[91, 106, 109]	66735
[91, 106, 124]	65888
[91, 106, 127]	66643
[91, 109, 124]	66538
[91, 109, 127]	67293
[91, 121, 124]	64217
[91, 121, 127]	64217
[91, 124, 127]	66626
