[103, 106, 109, 127]	64747
[106, 109, 124, 127]	65972
[109, 121, 124, 127]	64213
[16, 106, 109, 127]	64435
[16, 109, 124, 127]	64330
[16, 19, 106, 109]	64527
[16, 19, 106, 127]	64435
[16, 19, 109, 124]	64330
[16, 19, 109, 127]	65085
[16, 19, 124, 127]	64418
[16, 19, 37, 109]	64662
[16, 19, 37, 127]	64658
[16, 19, 37, 55]	64237
[16, 19, 37, 75]	64438
[16, 19, 37, 91]	64666
[16, 19, 55, 109]	64664
[16, 19, 55, 127]	64660
[16, 19, 55, 75]	64440
[16, 19, 55, 91]	64668
[16, 19, 75, 106]	64215
[16, 19, 75, 109]	64865
[16, 19, 75, 127]	64861
[16, 19, 75, 88]	64324
[16, 19, 75, 91]	64869
[16, 19, 88, 109]	64548
[16, 19, 88, 127]	64544
[16, 19, 88, 91]	64636
[16, 19, 91, 106]	64443
[16, 19, 91, 109]	65093
[16, 19, 91, 124]	64334
[16, 19, 91, 127]	65089
[16, 37, 109, 127]	64570
[16, 37, 75, 109]	64350
[16, 37, 75, 127]	64346
[16, 37, 75, 91]	64354
[16, 37, 91, 109]	64578
[16, 37, 91, 127]	64574
[16, 55, 109, 127]	64572
[16, 55, 75, 109]	64352
[16, 55, 75, 127]	64348
[16, 55, 75, 91]	64356
[16, 55, 91, 109]	64580
[16, 55, 91, 127]	64576
[16, 75, 106, 109]	64215
[16, 75, 109, 127]	64773
[16, 75, 88, 109]	64236
[16, 75, 88, 127]	64232
[16, 75, 88, 91]	64324
[16, 75, 91, 109]	64781
[16, 75, 91, 127]	64777
[16, 88, 109, 127]	64456
[16, 88, 91, 109]	64548
[16, 88, 91, 127]	64544
[16, 91, 106, 109]	64443
[16, 91, 106, 127]	64351
[16, 91, 109, 124]	64246
[16, 91, 109, 127]	65001
[16, 91, 124, 127]	64334
[19, 103, 106, 109]	64322
[19, 103, 106, 127]	64230
[19, 103, 109, 127]	64230
[19, 106, 109, 124]	65455
[19, 106, 109, 127]	66210
[19, 106, 124, 127]	65455
[19, 109, 124, 127]	66105
[19, 34, 109, 127]	64507
[19, 34, 37, 109]	64599
[19, 34, 37, 127]	64595
[19, 34, 37, 75]	64375
[19, 34, 37, 91]	64603
[19, 34, 75, 109]	64287
[19, 34, 75, 127]	64283
[19, 34, 75, 91]	64291
[19, 34, 91, 109]	64515
[19, 34, 91, 127]	64511
[19, 37, 106, 109]	65787
[19, 37, 106, 124]	64940
[19, 37, 106, 127]	65695
[19, 37, 109, 124]	65590
[19, 37, 109, 127]	66345
[19, 37, 124, 127]	65678
[19, 37, 55, 106]	65274
[19, 37, 55, 109]	65924
[19, 37, 55, 124]	65165
[19, 37, 55, 127]	65920
[19, 37, 55, 72]	64496
[19, 37, 55, 75]	65700
[19, 37, 55, 88]	65383
[19, 37, 55, 91]	65928
[19, 37, 72, 106]	64271
[19, 37, 72, 109]	64921
[19, 37, 72, 127]	64917
[19, 37, 72, 75]	65009
[19, 37, 72, 88]	64380
[19, 37, 72, 91]	64925
[19, 37, 75, 106]	65475
[19, 37, 75, 109]	66125
[19, 37, 75, 124]	65366
[19, 37, 75, 127]	66121
[19, 37, 75, 88]	65584
[19, 37, 75, 91]	66129
[19, 37, 85, 109]	64330
[19, 37, 85, 127]	64326
[19, 37, 85, 88]	64418
[19, 37, 85, 91]	64418
[19, 37, 88, 106]	65158
[19, 37, 88, 109]	65808
[19, 37, 88, 124]	65049
[19, 37, 88, 127]	65804
[19, 37, 88, 91]	65896
[19, 37, 91, 106]	65703
[19, 37, 91, 109]	66353
[19, 37, 91, 124]	65594
[19, 37, 91, 127]	66349
[19, 52, 109, 127]	64446
[19, 52, 55, 109]	64538
[19, 52, 55, 127]	64534
[19, 52, 55, 75]	64314
[19, 52, 55, 91]	64542
[19, 52, 75, 109]	64226
[19, 52, 75, 127]	64222
[19, 52, 75, 91]	64230
[19, 52, 91, 109]	64454
[19, 52, 91, 127]	64450
[19, 55, 106, 109]	65789
[19, 55, 106, 124]	64942
[19, 55, 106, 127]	65697
[19, 55, 109, 124]	65592
[19, 55, 109, 127]	66347
[19, 55, 124, 127]	65680
[19, 55, 72, 106]	64273
[19, 55, 72, 109]	64923
[19, 55, 72, 127]	64919
[19, 55, 72, 75]	65011
[19, 55, 72, 88]	64382
[19, 55, 72, 91]	64927
[19, 55, 75, 106]	65477
[19, 55, 75, 109]	66127
[19, 55, 75, 124]	65368
[19, 55, 75, 127]	66123
[19, 55, 75, 88]	65586
[19, 55, 75, 91]	66131
[19, 55, 85, 109]	64332
[19, 55, 85, 127]	64328
[19, 55, 85, 88]	64420
[19, 55, 85, 91]	64420
[19, 55, 88, 106]	65160
[19, 55, 88, 109]	65810
[19, 55, 88, 124]	65051
[19, 55, 88, 127]	65806
[19, 55, 88, 91]	65898
[19, 55, 91, 106]	65705
[19, 55, 91, 109]	66355
[19, 55, 91, 124]	65596
[19, 55, 91, 127]	66351
[19, 72, 106, 109]	64786
[19, 72, 106, 127]	64694
[19, 72, 109, 124]	64589
[19, 72, 109, 127]	65344
[19, 72, 124, 127]	64677
[19, 72, 75, 106]	64786
[19, 72, 75, 109]	65436
[19, 72, 75, 124]	64677
[19, 72, 75, 127]	65432
[19, 72, 75, 88]	64895
[19, 72, 75, 91]	65440
[19, 72, 88, 109]	64807
[19, 72, 88, 127]	64803
[19, 72, 88, 91]	64895
[19, 72, 91, 106]	64702
[19, 72, 91, 109]	65352
[19, 72, 91, 124]	64593
[19, 72, 91, 127]	65348
[19, 75, 106, 109]	65990
[19, 75, 106, 124]	65143
[19, 75, 106, 127]	65898
[19, 75, 109, 124]	65793
[19, 75, 109, 127]	66548
[19, 75, 124, 127]	65881
[19, 75, 85, 109]	64533
[19, 75, 85, 127]	64529
[19, 75, 85, 88]	64621
[19, 75, 85, 91]	64621
[19, 75, 88, 106]	65361
[19, 75, 88, 109]	66011
[19, 75, 88, 124]	65252
[19, 75, 88, 127]	66007
[19, 75, 88, 91]	66099
[19, 75, 91, 106]	65906
[19, 75, 91, 109]	66556
[19, 75, 91, 124]	65797
[19, 75, 91, 127]	66552
[19, 85, 106, 109]	64195
[19, 85, 109, 127]	64753
[19, 85, 88, 106]	64195
[19, 85, 88, 109]	64845
[19, 85, 88, 127]	64841
[19, 85, 88, 91]	64933
[19, 85, 91, 106]	64195
[19, 85, 91, 109]	64845
[19, 85, 91, 127]	64841
[19, 88, 106, 109]	65673
[19, 88, 106, 124]	64826
[19, 88, 106, 127]	65581
[19, 88, 109, 124]	65476
[19, 88, 109, 127]	66231
[19, 88, 124, 127]	65564
[19, 88, 91, 106]	65673
[19, 88, 91, 109]	66323
[19, 88, 91, 124]	65564
[19, 88, 91, 127]	66319
[19, 91, 103, 106]	64238
[19, 91, 103, 109]	64238
[19, 91, 106, 109]	66218
[19, 91, 106, 124]	65371
[19, 91, 106, 127]	66126
[19, 91, 109, 124]	66021
[19, 91, 109, 127]	66776
[19, 91, 124, 127]	66109
[34, 106, 109, 127]	64374
[34, 109, 124, 127]	64269
[34, 37, 106, 109]	64466
[34, 37, 106, 127]	64374
[34, 37, 109, 124]	64269
[34, 37, 109, 127]	65024
[34, 37, 124, 127]	64357
[34, 37, 55, 109]	64603
[34, 37, 55, 127]	64599
[34, 37, 55, 75]	64379
[34, 37, 55, 91]	64607
[34, 37, 75, 109]	64804
[34, 37, 75, 127]	64800
[34, 37, 75, 88]	64263
[34, 37, 75, 91]	64808
[34, 37, 88, 109]	64487
[34, 37, 88, 127]	64483
[34, 37, 88, 91]	64575
[34, 37, 91, 106]	64382
[34, 37, 91, 109]	65032
[34, 37, 91, 124]	64273
[34, 37, 91, 127]	65028
[34, 55, 109, 127]	64511
[34, 55, 75, 109]	64291
[34, 55, 75, 127]	64287
[34, 55, 75, 91]	64295
[34, 55, 91, 109]	64519
[34, 55, 91, 127]	64515
[34, 75, 109, 127]	64712
[34, 75, 88, 91]	64263
[34, 75, 91, 109]	64720
[34, 75, 91, 127]	64716
[34, 88, 109, 127]	64395
[34, 88, 91, 109]	64487
[34, 88, 91, 127]	64483
[34, 91, 106, 109]	64382
[34, 91, 106, 127]	64290
[34, 91, 109, 124]	64185
[34, 91, 109, 127]	64940
[34, 91, 124, 127]	64273
[37, 103, 106, 109]	64324
[37, 103, 106, 127]	64232
[37, 103, 109, 127]	64232
[37, 106, 109, 124]	65457
[37, 106, 109, 127]	66212
[37, 106, 124, 127]	65457
[37, 109, 124, 127]	66107
[37, 52, 109, 127]	64448
[37, 52, 55, 109]	64540
[37, 52, 55, 127]	64536
[37, 52, 55, 75]	64316
[37, 52, 55, 91]	64544
[37, 52, 75, 109]	64228
[37, 52, 75, 127]	64224
[37, 52, 75, 91]	64232
[37, 52, 91, 109]	64456
[37, 52, 91, 127]	64452
[37, 55, 106, 109]	65791
[37, 55, 106, 124]	64944
[37, 55, 106, 127]	65699
[37, 55, 109, 124]	65594
[37, 55, 109, 127]	66349
[37, 55, 124, 127]	65682
[37, 55, 72, 106]	64275
[37, 55, 72, 109]	64925
[37, 55, 72, 127]	64921
[37, 55, 72, 75]	65013
[37, 55, 72, 88]	64384
[37, 55, 72, 91]	64929
[37, 55, 75, 106]	65479
[37, 55, 75, 109]	66129
[37, 55, 75, 124]	65370
[37, 55, 75, 127]	66125
[37, 55, 75, 88]	65588
[37, 55, 75, 91]	66133
[37, 55, 85, 109]	64334
[37, 55, 85, 127]	64330
[37, 55, 85, 88]	64422
[37, 55, 85, 91]	64422
[37, 55, 88, 106]	65162
[37, 55, 88, 109]	65812
[37, 55, 88, 124]	65053
[37, 55, 88, 127]	65808
[37, 55, 88, 91]	65900
[37, 55, 91, 106]	65707
[37, 55, 91, 109]	66357
[37, 55, 91, 124]	65598
[37, 55, 91, 127]	66353
[37, 72, 106, 109]	64788
[37, 72, 106, 127]	64696
[37, 72, 109, 124]	64591
[37, 72, 109, 127]	65346
[37, 72, 124, 127]	64679
[37, 72, 75, 106]	64788
[37, 72, 75, 109]	65438
[37, 72, 75, 124]	64679
[37, 72, 75, 127]	65434
[37, 72, 75, 88]	64897
[37, 72, 75, 91]	65442
[37, 72, 88, 109]	64809
[37, 72, 88, 127]	64805
[37, 72, 88, 91]	64897
[37, 72, 91, 106]	64704
[37, 72, 91, 109]	65354
[37, 72, 91, 124]	64595
[37, 72, 91, 127]	65350
[37, 75, 106, 109]	65992
[37, 75, 106, 124]	65145
[37, 75, 106, 127]	65900
[37, 75, 109, 124]	65795
[37, 75, 109, 127]	66550
[37, 75, 124, 127]	65883
[37, 75, 85, 109]	64535
[37, 75, 85, 127]	64531
[37, 75, 85, 88]	64623
[37, 75, 85, 91]	64623
[37, 75, 88, 106]	65363
[37, 75, 88, 109]	66013
[37, 75, 88, 124]	65254
[37, 75, 88, 127]	66009
[37, 75, 88, 91]	66101
[37, 75, 91, 106]	65908
[37, 75, 91, 109]	66558
[37, 75, 91, 124]	65799
[37, 75, 91, 127]	66554
[37, 85, 106, 109]	64197
[37, 85, 109, 127]	64755
[37, 85, 88, 106]	64197
[37, 85, 88, 109]	64847
[37, 85, 88, 127]	64843
[37, 85, 88, 91]	64935
[37, 85, 91, 106]	64197
[37, 85, 91, 109]	64847
[37, 85, 91, 127]	64843
[37, 88, 106, 109]	65675
[37, 88, 106, 124]	64828
[37, 88, 106, 127]	65583
[37, 88, 109, 124]	65478
[37, 88, 109, 127]	66233
[37, 88, 124, 127]	65566
[37, 88, 91, 106]	65675
[37, 88, 91, 109]	66325
[37, 88, 91, 124]	65566
[37, 88, 91, 127]	66321
[37, 91, 103, 106]	64240
[37, 91, 103, 109]	64240
[37, 91, 106, 109]	66220
[37, 91, 106, 124]	65373
[37, 91, 106, 127]	66128
[37, 91, 109, 124]	66023
[37, 91, 109, 127]	66778
[37, 91, 124, 127]	66111
[52, 106, 109, 127]	64313
[52, 109, 124, 127]	64208
[52, 55, 106, 109]	64405
[52, 55, 106, 127]	64313
[52, 55, 109, 124]	64208
[52, 55, 109, 127]	64963
[52, 55, 124, 127]	64296
[52, 55, 75, 109]	64743
[52, 55, 75, 127]	64739
[52, 55, 75, 88]	64202
[52, 55, 75, 91]	64747
[52, 55, 88, 109]	64426
[52, 55, 88, 127]	64422
[52, 55, 88, 91]	64514
[52, 55, 91, 106]	64321
[52, 55, 91, 109]	64971
[52, 55, 91, 124]	64212
[52, 55, 91, 127]	64967
[52, 75, 109, 127]	64651
[52, 75, 88, 91]	64202
[52, 75, 91, 109]	64659
[52, 75, 91, 127]	64655
[52, 88, 109, 127]	64334
[52, 88, 91, 109]	64426
[52, 88, 91, 127]	64422
[52, 91, 106, 109]	64321
[52, 91, 106, 127]	64229
[52, 91, 109, 127]	64879
[52, 91, 124, 127]	64212
[55, 103, 106, 109]	64326
[55, 103, 106, 127]	64234
[55, 103, 109, 127]	64234
[55, 106, 109, 124]	65459
[55, 106, 109, 127]	66214
[55, 106, 124, 127]	65459
[55, 109, 124, 127]	66109
[55, 72, 106, 109]	64790
[55, 72, 106, 127]	64698
[55, 72, 109, 124]	64593
[55, 72, 109, 127]	65348
[55, 72, 124, 127]	64681
[55, 72, 75, 106]	64790
[55, 72, 75, 109]	65440
[55, 72, 75, 124]	64681
[55, 72, 75, 127]	65436
[55, 72, 75, 88]	64899
[55, 72, 75, 91]	65444
[55, 72, 88, 109]	64811
[55, 72, 88, 127]	64807
[55, 72, 88, 91]	64899
[55, 72, 91, 106]	64706
[55, 72, 91, 109]	65356
[55, 72, 91, 124]	64597
[55, 72, 91, 127]	65352
[55, 75, 106, 109]	65994
[55, 75, 106, 124]	65147
[55, 75, 106, 127]	65902
[55, 75, 109, 124]	65797
[55, 75, 109, 127]	66552
[55, 75, 124, 127]	65885
[55, 75, 85, 109]	64537
[55, 75, 85, 127]	64533
[55, 75, 85, 88]	64625
[55, 75, 85, 91]	64625
[55, 75, 88, 106]	65365
[55, 75, 88, 109]	66015
[55, 75, 88, 124]	65256
[55, 75, 88, 127]	66011
[55, 75, 88, 91]	66103
[55, 75, 91, 106]	65910
[55, 75, 91, 109]	66560
[55, 75, 91, 124]	65801
[55, 75, 91, 127]	66556
[55, 85, 106, 109]	64199
[55, 85, 109, 127]	64757
[55, 85, 88, 106]	64199
[55, 85, 88, 109]	64849
[55, 85, 88, 127]	64845
[55, 85, 88, 91]	64937
[55, 85, 91, 106]	64199
[55, 85, 91, 109]	64849
[55, 85, 91, 127]	64845
[55, 88, 106, 109]	65677
[55, 88, 106, 124]	64830
[55, 88, 106, 127]	65585
[55, 88, 109, 124]	65480
[55, 88, 109, 127]	66235
[55, 88, 124, 127]	65568
[55, 88, 91, 106]	65677
[55, 88, 91, 109]	66327
[55, 88, 91, 124]	65568
[55, 88, 91, 127]	66323
[55, 91, 103, 106]	64242
[55, 91, 103, 109]	64242
[55, 91, 106, 109]	66222
[55, 91, 106, 124]	65375
[55, 91, 106, 127]	66130
[55, 91, 109, 124]	66025
[55, 91, 109, 127]	66780
[55, 91, 124, 127]	66113
[72, 106, 109, 124]	64456
[72, 106, 109, 127]	65211
[72, 106, 124, 127]	64456
[72, 109, 124, 127]	65106
[72, 75, 106, 109]	65303
[72, 75, 106, 124]	64456
[72, 75, 106, 127]	65211
[72, 75, 109, 124]	65106
[72, 75, 109, 127]	65861
[72, 75, 124, 127]	65194
[72, 75, 88, 106]	64674
[72, 75, 88, 109]	65324
[72, 75, 88, 124]	64565
[72, 75, 88, 127]	65320
[72, 75, 88, 91]	65412
[72, 75, 91, 106]	65219
[72, 75, 91, 109]	65869
[72, 75, 91, 124]	65110
[72, 75, 91, 127]	65865
[72, 88, 106, 109]	64674
[72, 88, 106, 127]	64582
[72, 88, 109, 124]	64477
[72, 88, 109, 127]	65232
[72, 88, 124, 127]	64565
[72, 88, 91, 106]	64674
[72, 88, 91, 109]	65324
[72, 88, 91, 124]	64565
[72, 88, 91, 127]	65320
[72, 91, 106, 109]	65219
[72, 91, 106, 124]	64372
[72, 91, 106, 127]	65127
[72, 91, 109, 124]	65022
[72, 91, 109, 127]	65777
[72, 91, 124, 127]	65110
[75, 103, 106, 109]	64527
[75, 103, 106, 127]	64435
[75, 103, 109, 127]	64435
[75, 106, 109, 124]	65660
[75, 106, 109, 127]	66415
[75, 106, 124, 127]	65660
[75, 109, 124, 127]	66310
[75, 85, 106, 109]	64400
[75, 85, 106, 127]	64308
[75, 85, 109, 124]	64203
[75, 85, 109, 127]	64958
[75, 85, 124, 127]	64291
[75, 85, 88, 106]	64400
[75, 85, 88, 109]	65050
[75, 85, 88, 124]	64291
[75, 85, 88, 127]	65046
[75, 85, 88, 91]	65138
[75, 85, 91, 106]	64400
[75, 85, 91, 109]	65050
[75, 85, 91, 124]	64291
[75, 85, 91, 127]	65046
[75, 88, 106, 109]	65878
[75, 88, 106, 124]	65031
[75, 88, 106, 127]	65786
[75, 88, 109, 124]	65681
[75, 88, 109, 127]	66436
[75, 88, 124, 127]	65769
[75, 88, 91, 106]	65878
[75, 88, 91, 109]	66528
[75, 88, 91, 124]	65769
[75, 88, 91, 127]	66524
[75, 91, 103, 106]	64443
[75, 91, 103, 109]	64443
[75, 91, 103, 127]	64351
[75, 91, 106, 109]	66423
[75, 91, 106, 124]	65576
[75, 91, 106, 127]	66331
[75, 91, 109, 124]	66226
[75, 91, 109, 127]	66981
[75, 91, 124, 127]	66314
[85, 106, 109, 127]	64620
[85, 109, 124, 127]	64515
[85, 88, 106, 109]	64712
[85, 88, 106, 127]	64620
[85, 88, 109, 124]	64515
[85, 88, 109, 127]	65270
[85, 88, 124, 127]	64603
[85, 88, 91, 106]	64712
[85, 88, 91, 109]	65362
[85, 88, 91, 124]	64603
[85, 88, 91, 127]	65358
[85, 91, 106, 109]	64712
[85, 91, 106, 127]	64620
[85, 91, 109, 124]	64515
[85, 91, 109, 127]	65270
[85, 91, 124, 127]	64603
[88, 103, 106, 109]	64210
[88, 106, 109, 124]	65343
[88, 106, 109, 127]	66098
[88, 106, 124, 127]	65343
[88, 109, 124, 127]	65993
[88, 91, 103, 106]	64210
[88, 91, 103, 109]	64210
[88, 91, 106, 109]	66190
[88, 91, 106, 124]	65343
[88, 91, 106, 127]	66098
[88, 91, 109, 124]	65993
[88, 91, 109, 127]	66748
[88, 91, 124, 127]	66081
[91, 103, 106, 109]	64755
[91, 103, 106, 127]	64663
[91, 103, 109, 127]	64663
[91, 106, 109, 124]	65888
[91, 106, 109, 127]	66643
[91, 106, 124, 127]	65888
[91, 109, 124, 127]	66538
[91, 121, 124, 127]	64217
